14.55
16.20
16.31
17.85
18.99
19.00
19.90
21.68
21.95
21.98
22.70
22.79
22.99
22.99
23.40
23.85
24.00
24.90
24.99
25.39
26.39
26.55
26.99
27.00
27.58
29.00
29.00
29.00
29.00
29.00
29.00
29.00
29.00
29.01
29.29
29.52
29.62
29.70
29.74
29.99
29.99
29.99
29.99
30.79
30.89
30.99
30.99
31.10
31.35
31.83
32.10
32.99
33.89
34.40
34.70
34.99
35.66
37.39
37.79
37.79
37.99
38.19
38.69
38.80
38.99
39.00
39.00
39.00
39.00
39.00
39.00
39.00
39.00
39.00
39.00
39.19
39.66
40.01
40.21
40.33
40.90
40.99
41.00
41.39
42.65
43.81
43.95
44.00
44.99
45.99
45.99
46.79
46.99
46.99
47.00
48.00
48.89
48.99
48.99
49.00
49.00
49.00
49.00
49.00
49.00
49.00
49.20
49.50
49.58
49.80
49.80
49.90
49.99
49.99
49.99
50.20
50.40
50.60
52.20
53.90
54.00
54.00
54.99
54.99
55.00
55.45
55.99
56.50
57.99
57.99
58.00
59.00
59.00
59.00
59.49
59.50
62.00
62.29
64.00
64.00
66.28
66.80
66.80
66.80
66.99
67.50
67.90
67.90
68.90
68.99
69.00
69.00
69.00
71.20
72.00
72.00
72.60
72.90
73.25
73.99
74.00
74.00
74.40
74.50
75.70
76.09
77.99
77.99
78.00
78.99
78.99
78.99
79.00
79.00
79.00
79.50
79.60
79.69
80.99
81.00
81.12
81.59
81.76
81.84
82.99
82.99
83.20
84.00
84.00
84.00
84.30
84.50
84.99
84.99
86.00
86.00
86.50
87.90
87.99
88.90
88.94
89.00
89.00
89.00
89.00
89.00
89.00
89.00
90.00
93.20
93.99
94.90
94.99
95.25
95.99
96.96
96.99
96.99
98.60
98.99
99.00
99.00
99.00
99.00
99.00
99.00
99.00
99.00
99.00
99.00
99.80
99.99
99.99
100.79
104.99
105.70
107.00
107.90
108.99
109.00
109.00
109.00
109.00
109.90
110.07
110.76
112.00
116.16
116.40
116.56
117.00
117.01
117.01
117.55
117.59
118.00
118.00
118.00
118.01
118.20
118.40
118.79
118.90
119.00
119.00
119.00
119.00
119.00
119.00
119.00
119.00
119.00
119.00
119.00
119.00
119.00
119.00
119.00
119.00
119.00
119.00
119.00
119.00
119.00
120.00
120.00
121.00
121.00
121.39
121.50
121.50
121.54
122.00
122.40
123.00
123.96
123.96
124.99
125.38
125.64
127.55
127.64
127.93
128.04
128.40
128.99
129.00
129.00
129.00
129.00
129.00
129.00
129.00
129.00
129.00
129.00
129.00
129.00
129.00
129.00
129.00
129.00
129.50
129.50
129.90
133.50
133.50
133.50
133.50
133.50
134.21
134.61
134.99
134.99
135.00
135.00
135.00
135.00
135.00
135.00
135.00
135.03
135.60
135.99
135.99
135.99
137.30
138.00
138.00
138.99
138.99
139.00
139.00
139.00
139.00
139.00
139.00
139.00
139.00
139.00
139.00
139.00
139.00
139.00
139.00
139.00
139.00
139.00
139.00
139.00
139.00
139.00
139.00
139.00
139.00
139.00
139.83
141.05
141.99
142.90
143.49
143.70
144.00
144.00
144.00
144.00
144.56
144.90
145.00
145.45
146.70
146.99
147.00
147.50
148.00
148.99
149.00
149.00
149.00
149.00
149.00
149.00
149.00
149.00
149.00
149.00
149.00
149.00
149.00
149.35
150.99
151.25
152.00
152.90
154.99
155.00
155.00
157.00
157.00
157.10
157.76
158.00
158.00
158.00
158.00
158.00
158.00
158.88
159.00
159.00
159.00
159.00
159.00
159.00
159.00
159.00
159.00
159.00
159.00
159.00
159.00
159.00
159.00
159.00
159.00
159.00
159.00
159.00
159.00
159.00
159.00
159.00
159.00
159.00
159.00
159.00
159.00
159.00
159.00
159.44
159.99
160.60
161.00
163.67
163.68
163.70
164.69
165.60
165.61
166.00
167.70
168.00
168.00
168.13
169.00
169.00
169.00
169.00
169.00
169.00
169.00
169.00
169.00
169.00
169.00
169.00
169.00
169.00
169.00
169.00
169.00
169.00
169.00
169.00
169.00
169.00
169.00
169.00
169.00
169.00
169.00
169.00
169.00
169.99
170.30
170.30
171.37
172.42
172.99
172.99
173.00
174.00
175.00
175.00
175.80
176.59
176.90
177.00
177.78
178.00
178.00
179.00
179.00
179.00
179.00
179.00
179.00
179.00
179.00
179.00
179.00
179.00
179.00
179.00
179.00
179.00
179.00
179.00
179.00
179.00
179.00
179.00
179.00
179.00
179.00
179.00
179.00
179.00
179.00
179.00
179.00
179.00
179.00
179.00
179.00
179.00
179.00
179.00
179.00
179.00
179.00
179.00
179.51
179.79
180.50
180.50
180.50
180.52
182.46
183.43
184.14
184.25
184.25
185.00
185.00
185.23
186.00
186.34
187.00
187.00
187.86
187.98
189.00
189.00
189.00
189.00
189.00
189.00
189.00
189.00
189.00
189.00
189.00
189.00
189.00
189.00
189.00
189.00
189.00
189.00
189.00
189.00
189.00
189.00
189.00
189.34
190.80
191.00
191.00
193.60
193.60
194.00
194.00
194.00
194.00
194.05
195.99
196.80
196.99
197.00
197.99
197.99
199.00
199.00
199.00
199.00
199.00
199.00
199.00
199.00
199.00
199.00
199.00
199.00
199.00
199.00
199.00
199.00
199.00
199.00
199.00
199.00
199.00
199.00
199.00
199.95
201.20
202.79
202.80
202.99
203.26
204.00
204.83
204.99
205.00
205.99
206.88
208.00
208.00
209.00
209.00
209.00
209.00
209.00
209.00
209.00
209.00
209.00
209.00
209.00
209.00
209.00
209.00
209.00
209.00
209.00
209.00
209.57
210.45
210.99
211.66
211.99
212.99
213.31
213.99
214.00
214.52
215.33
215.33
216.99
217.00
217.48
217.80
218.00
218.99
219.00
219.00
219.00
219.00
219.00
219.00
219.00
219.00
219.00
219.00
219.00
219.00
219.00
219.00
219.00
219.00
219.00
219.00
219.00
219.51
220.96
221.15
221.25
221.99
222.14
223.00
223.99
224.25
224.71
224.90
224.99
225.00
225.00
225.18
225.99
226.00
226.00
227.99
229.00
229.00
229.00
229.00
229.00
229.00
229.00
229.00
229.00
229.00
229.00
229.00
229.00
229.00
229.00
229.00
229.25
230.28
230.99
231.22
232.00
233.00
233.00
234.90
234.99
234.99
235.00
236.00
236.99
238.00
238.00
238.00
238.61
238.76
239.00
239.00
239.00
239.00
239.00
239.00
239.00
239.00
239.00
239.00
239.00
239.00
239.00
239.00
239.99
239.99
241.89
241.99
242.63
242.63
242.99
243.00
243.00
246.00
248.00
248.44
248.80
249.00
249.00
249.00
249.00
249.00
249.00
249.00
249.00
249.00
249.00
249.00
249.00
249.00
249.00
249.00
249.00
249.00
249.00
249.00
249.00
249.00
249.00
249.00
249.90
249.99
251.18
253.00
253.90
254.00
254.00
254.52
255.65
255.99
257.00
257.00
257.00
257.75
257.99
257.99
258.00
258.20
259.00
259.00
259.00
259.00
259.00
259.00
259.00
260.00
260.00
260.00
261.99
262.09
262.13
265.27
265.27
265.27
265.76
265.85
265.90
266.00
266.90
266.95
268.76
268.99
269.00
269.00
269.00
269.00
269.50
269.68
270.23
271.99
272.80
272.99
272.99
273.00
273.68
274.45
274.99
275.00
276.99
277.55
278.00
278.56
278.68
279.00
279.00
279.00
279.00
279.00
279.00
279.00
279.00
279.00
279.00
279.00
279.00
279.00
279.00
279.00
279.00
279.99
280.34
282.00
282.40
284.99
285.00
285.99
287.99
287.99
288.99
289.00
289.00
289.00
289.00
289.00
289.00
290.00
290.88
292.79
294.00
294.00
294.00
295.20
295.90
296.00
296.53
296.53
296.53
298.00
299.00
299.00
299.00
299.00
299.00
299.00
299.00
299.00
299.00
299.00
299.00
299.00
299.00
299.00
299.00
299.00
299.00
299.00
299.00
299.00
299.00
299.99
299.99
300.78
301.99
304.52
308.00
309.00
309.00
309.90
311.91
315.00
318.89
318.99
318.99
319.00
319.00
319.00
319.00
319.00
319.00
319.44
319.96
319.99
320.04
320.12
321.36
321.90
321.90
322.00
323.99
324.00
325.10
327.24
328.00
329.00
329.00
329.00
329.00
329.00
329.00
329.00
329.00
329.00
329.00
329.00
329.00
329.00
329.00
329.00
329.00
329.00
329.00
329.00
329.00
329.00
329.00
329.00
329.00
329.00
333.99
334.00
334.80
341.00
343.32
345.14
345.99
346.00
346.00
347.00
347.32
348.00
348.00
348.99
348.99
348.99
349.00
349.00
349.00
349.00
349.00
349.00
349.00
349.00
349.00
349.00
349.00
349.00
349.00
349.00
349.00
349.00
349.00
349.00
349.00
349.00
350.74
351.50
351.90
351.98
353.99
354.99
354.99
355.04
356.40
358.00
358.99
358.99
359.00
359.00
359.99
363.80
363.80
366.00
366.24
367.00
367.99
369.00
369.00
369.00
369.00
369.00
369.00
369.00
369.00
369.00
369.00
369.00
369.00
370.00
371.99
371.99
374.82
374.82
374.99
375.00
379.00
379.00
379.00
379.00
379.00
379.00
379.00
379.00
379.00
379.80
379.99
381.00
381.99
383.99
385.00
386.77
389.00
389.00
389.00
389.00
389.00
389.00
389.00
389.00
389.00
389.00
389.00
389.00
389.00
389.00
389.00
390.00
391.25
392.00
392.90
394.00
394.00
394.00
394.99
394.99
394.99
396.00
396.00
397.19
398.20
399.00
399.00
399.00
399.00
399.00
399.00
399.00
399.00
399.00
399.00
399.00
399.00
399.00
399.00
399.00
399.00
399.00
399.00
399.00
399.00
399.00
399.99
400.66
404.99
405.99
407.10
408.95
409.00
409.00
409.80
409.99
409.99
409.99
409.99
411.00
414.85
415.00
419.00
419.00
419.00
419.00
419.00
419.00
420.10
420.99
421.00
422.99
423.83
426.99
428.90
429.00
429.00
429.00
429.00
429.00
429.00
429.00
429.00
429.00
429.00
429.00
429.00
431.00
433.99
436.99
439.00
439.00
439.00
439.00
439.00
439.00
439.00
439.00
439.00
439.99
439.99
439.99
441.48
441.60
447.75
448.60
449.00
449.00
449.00
449.00
449.00
449.28
452.95
454.64
454.99
455.60
455.87
456.00
458.00
458.80
459.00
459.00
459.00
459.50
459.80
460.80
461.20
463.31
465.00
468.99
469.00
469.00
469.00
469.99
469.99
469.99
469.99
472.00
472.99
473.99
474.00
477.00
477.40
477.99
478.00
478.00
478.00
478.80
479.00
479.00
479.00
479.00
479.00
479.00
481.16
488.00
489.00
489.99
489.99
493.00
493.94
495.00
495.99
497.00
498.00
498.00
499.00
499.00
499.00
499.00
499.00
499.00
499.00
499.00
499.00
500.00
500.99
505.65
508.00
509.00
512.00
514.00
515.00
515.99
515.99
515.99
516.00
516.13
517.34
519.00
519.00
519.00
522.99
523.00
524.00
526.80
527.00
527.99
528.00
528.00
528.00
528.99
529.00
529.00
529.00
529.00
529.00
529.00
529.00
529.99
530.99
531.80
533.00
534.00
536.53
538.90
539.00
539.00
539.00
539.00
539.00
539.00
539.99
539.99
541.80
542.80
542.80
544.00
545.00
545.00
545.99
545.99
547.00
548.00
549.00
549.00
553.99
556.70
557.00
559.00
559.00
559.00
561.99
562.80
566.96
569.00
569.00
569.00
569.00
571.00
574.00
574.00
574.00
574.00
574.00
574.00
574.00
574.99
575.99
575.99
577.89
578.00
578.00
579.00
579.00
579.00
579.00
579.00
580.09
582.00
582.00
582.79
585.00
588.00
589.99
590.99
591.99
591.99
597.00
597.00
597.99
598.00
599.00
599.00
599.00
599.00
599.00
599.00
599.00
599.00
599.00
599.00
599.00
599.00
599.00
599.00
599.00
599.99
599.99
599.99
599.99
600.00
603.60
603.99
613.08
615.90
615.99
617.99
619.00
619.00
619.00
619.00
619.00
619.00
619.00
621.99
621.99
622.78
625.06
625.80
625.99
625.99
626.09
627.38
628.80
629.00
629.00
629.00
629.00
629.00
629.00
629.00
629.00
629.00
629.00
629.30
631.99
635.00
641.99
642.99
643.00
648.00
649.00
649.00
649.00
649.00
649.00
649.00
649.00
649.00
649.00
649.00
649.99
649.99
649.99
649.99
649.99
649.99
649.99
651.26
658.99
659.00
659.80
668.00
668.00
668.00
668.00
668.00
668.00
668.00
669.00
669.00
669.00
669.00
679.00
679.00
682.00
682.00
683.00
684.00
686.80
688.00
689.00
689.00
689.00
689.00
689.00
691.10
692.74
697.00
699.00
699.00
699.00
699.00
699.00
699.00
699.00
699.00
699.00
703.00
703.90
704.99
709.18
718.00
721.50
725.99
726.00
728.00
728.00
728.00
728.00
729.00
729.00
729.00
729.00
729.00
729.00
730.00
735.00
735.00
740.00
742.99
745.00
745.00
745.00
745.00
745.00
746.00
747.00
749.00
749.00
749.00
749.00
749.00
749.00
749.00
749.00
749.00
749.00
749.00
751.00
754.47
755.00
755.00
755.50
757.00
757.00
758.14
758.99
759.00
759.00
759.00
759.00
759.00
759.00
763.35
764.00
765.35
765.35
767.00
767.72
768.99
769.00
769.00
769.00
771.12
771.12
771.12
771.80
771.80
777.00
777.99
779.00
779.00
779.00
779.00
779.00
779.99
781.24
788.00
788.00
788.00
789.00
789.00
789.00
789.00
793.00
794.60
795.00
798.00
798.00
799.00
799.00
799.00
799.00
799.00
799.00
799.00
799.00
799.00
799.00
799.00
799.99
811.44
811.99
819.40
827.99
827.99
828.00
828.00
828.00
828.00
828.00
829.00
829.00
829.00
829.00
829.00
829.00
843.03
843.03
848.99
848.99
849.00
849.00
849.00
849.00
849.00
849.00
849.00
849.99
859.00
859.00
859.00
859.00
865.00
865.00
865.00
869.00
869.99
869.99
874.99
875.00
876.80
878.00
878.99
883.00
885.00
888.47
891.50
891.50
891.50
891.50
894.90
899.00
899.00
899.00
899.00
899.00
899.00
899.00
899.00
899.00
899.00
899.00
899.99
899.99
900.80
905.00
906.28
907.00
907.06
909.99
915.00
919.00
919.00
919.00
919.00
921.00
928.00
928.00
928.00
928.00
928.00
928.96
929.00
929.00
929.00
929.00
929.00
939.00
939.00
945.00
948.00
948.00
948.00
948.00
948.90
948.90
948.90
949.00
949.00
949.00
949.00
950.85
956.99
958.20
959.00
959.00
959.00
960.99
962.00
964.95
967.00
969.00
979.00
988.00
989.00
991.73
998.00
999.00
999.00
999.00
999.00
999.00
999.00
999.00
999.00
999.00
999.05
999.99
999.99
999.99
1000.37
1000.99
1003.99
1003.99
1011.10
1021.00
1021.00
1021.00
1023.13
1023.13
1028.00
1028.00
1029.00
1030.81
1042.85
1043.00
1043.00
1045.00
1048.00
1049.00
1049.00
1049.00
1049.00
1056.00
1056.00
1056.00
1064.80
1064.80
1064.80
1067.99
1069.00
1069.00
1075.00
1075.99
1075.99
1077.00
1078.00
1078.00
1078.00
1082.00
1083.00
1088.00
1092.00
1095.00
1096.33
1098.00
1098.00
1099.00
1099.00
1099.00
1099.00
1099.00
1099.00
1099.00
1099.00
1100.00
1105.00
1125.22
1128.00
1128.00
1128.00
1131.00
1139.00
1140.15
1144.00
1144.88
1148.00
1148.00
1148.00
1148.00
1148.00
1148.00
1149.00
1149.00
1149.00
1149.00
1149.00
1149.00
1149.00
1149.00
1163.00
1163.00
1167.80
1174.00
1175.09
1177.99
1181.27
1185.00
1185.00
1185.00
1187.00
1189.00
1189.00
1189.00
1189.00
1189.00
1195.00
1195.00
1195.00
1199.00
1199.00
1199.00
1199.00
1199.00
1199.00
1215.00
1215.00
1216.79
1218.00
1218.00
1218.00
1219.00
1219.00
1219.00
1223.48
1249.00
1249.00
1249.75
1259.00
1259.00
1272.00
1272.00
1272.00
1274.99
1279.00
1279.00
1279.00
1284.00
1285.00
1295.00
1299.00
1299.00
1299.00
1303.99
1308.00
1318.00
1318.00
1318.00
1318.00
1318.99
1327.00
1329.00
1342.35
1344.00
1345.00
1347.00
1347.00
1347.00
1347.00
1354.00
1354.80
1357.50
1374.99
1379.99
1379.99
1389.00
1389.00
1389.00
1389.00
1392.31
1399.00
1399.00
1399.00
1399.00
1419.00
1421.68
1424.99
1426.57
1429.00
1438.00
1438.00
1438.00
1438.00
1439.00
1439.00
1439.00
1439.00
1447.80
1448.00
1449.00
1449.00
1449.00
1455.00
1458.00
1459.00
1459.00
1459.00
1473.00
1475.00
1475.00
1477.00
1495.00
1499.00
1499.00
1499.00
1499.00
1505.00
1514.44
1519.00
1519.00
1519.00
1519.00
1528.00
1529.00
1545.00
1545.00
1545.00
1559.00
1559.00
1565.00
1565.00
1569.00
1569.00
1569.00
1569.00
1571.99
1571.99
1575.00
1575.00
1575.00
1578.00
1578.00
1579.00
1579.00
1579.00
1589.00
1589.00
1589.00
1589.00
1599.00
1629.00
1639.00
1639.00
1639.00
1639.00
1662.75
1668.00
1699.00
1699.00
1707.00
1718.00
1718.00
1719.00
1719.00
1719.00
1719.00
1739.00
1739.00
1739.00
1745.00
1755.00
1769.00
1769.00
1769.00
1769.00
1788.00
1829.00
1829.00
1829.00
1829.00
1840.70
1879.00
1879.00
1879.00
1879.00
1889.00
1889.00
1889.00
1889.00
1955.00
1966.00
1988.00
1988.00
1988.00
2010.99
2099.00
2132.59
2269.00
